
%% written Oct 26th 2008
%%% this initializes the data from steve's model 

tau_alpha_zr_6_T2=[0.75 1.83 3.73];
tau_alpha_zr_7_T2=[0.79 2.07 4.05];
tau_alpha_zr_10_T2=[0.83 2.38 6.14];

tau_alpha_zr_6_T3=[0.70 1.61 3.19];
tau_alpha_zr_7_T3=[0.76 1.89 3.94];
tau_alpha_zr_10_T3=[0.82 2.35 5.95];

tau_beta_zr_6_T2=[0.23 0.62 1.36];
tau_beta_zr_7_T2=[0.23 0.68 1.62];
tau_beta_zr_10_T2=[0.24 0.74 2.06];

tau_beta_zr_6_T3=[0.22 0.55 1.17];
tau_beta_zr_7_T3=[0.23 0.63 1.5];
tau_beta_zr_10_T3=[0.24 0.74 2.02];


